         0.12420456, -0.17785457],
       [ 0.00289284, -0.16689567, -0.14665577, ..., -0.01975794,
        -0.1492469 ,  0.13910934]], dtype=float32), array([-0.01073902, -0.01588063,  0.00612477, -0.00683332, -0.00062185,
       -0.00171956,  0.00531096,  0.01020459,  0.00395121,  0.00955551,
        0.01048103, -0.00462416,  0.01925566,  0.00440287,  0.00445977,
        0.00822178,  0.00218974,  0.00296876, -0.01758605,  0.0022001 ,
       -0.00503819,  0.00205713,  0.00023422, -0.00782084, -0.00402472,
        0.00199928, -0.00117055,  0.00276706, -0.00444582,  0.0013133 ,
        0.00136421, -0.0011137 ,  0.00222651, -0.00752099, -0.00952255,
        0.00246569, -0.00238585,  0.00349549,  0.00397572, -0.00480402,
        0.00319362,  0.00172689,  0.00748415,  0.00299144, -0.00236933,
       -0.01149194,  0.00100341, -0.00144946,  0.01010524,  0.00260013],
      dtype=float32), array([0.9999997 , 1.        , 0.99999547, 0.99999666, 1.0000001 ,
       1.0000017 , 1.0000005 , 0.9999999 , 0.99999505, 0.9999947 ,
       1.0000026 , 1.        , 1.        , 0.99999183, 1.0000012 ,
       1.0000006 ], dtype=float32), array([-8.24006907e-09, -1.01923217e-08, -2.52414889e-09, -8.26162472e-10,
        2.30804931e-09, -4.30922364e-09, -4.26188285e-09, -5.51555335e-09,
       -7.12314518e-09, -4.00400824e-09, -1.62237601e-09,  1.36331559e-08,
       -1.66289347e-08,  1.03908455e-08,  3.96042144e-10, -5.04377162e-09],
      dtype=float32), array([0.06307565, 0.05232547, 0.07492095, 0.05273132, 0.09777382,
       0.05915577, 0.1542803 , 0.08462141, 0.06224833, 0.07794284,
       0.06189453, 0.07865734, 0.04610215, 0.09875336, 0.06291729,
       0.08362851], dtype=float32), array([0.37692755, 0.28967595, 0.48699984, 0.35388497, 0.54869735,
       0.3250925 , 0.88736355, 0.5254015 , 0.41992366, 0.33716872,
       0.39421308, 0.46567485, 0.35510322, 0.5656286 , 0.3835263 ,
       0.5218034 ], dtype=float32), array([0.98653644, 1.0242528 , 1.0007633 , 1.0017169 , 0.99314344,
       0.99906266, 1.004056  , 0.9989286 , 1.0015398 , 0.98519266,
       0.9696435 , 1.007994  , 1.0024318 , 1.0084145 , 0.9995339 ,
       1.0039089 , 1.0060278 , 0.99478966, 0.9944758 , 1.0095654 ,
       0.9908806 , 0.9785509 , 1.0112246 , 1.0100209 , 1.0067519 ,
       0.99731475, 0.9999493 , 1.0411116 , 0.9753506 , 1.0092245 ,
       0.98997355, 0.9997867 , 1.0163394 , 1.009712  , 1.0048136 ,
       0.99613625, 1.0025486 , 1.0013738 , 0.99558306, 0.9789504 ,
       1.0173235 , 0.99518615, 0.9945671 , 0.9988094 , 0.9964032 ,
       0.9961911 , 0.9812368 , 1.0150491 , 0.99902654, 0.9864331 ],
      dtype=float32), array([ 0.0055585 , -0.00476807, -0.00018688, -0.00512679, -0.0115075 ,
        0.00169931, -0.02879037,  0.00370052,  0.00609525,  0.00989447,
       -0.01324815, -0.00270437,  0.00940829,  0.0066861 ,  0.00110776,
        0.00872523,  0.01174644, -0.00229416, -0.00532958, -0.00567204,
       -0.00373492, -0.0021045 , -0.01076719,  0.00019734, -0.00875905,
       -0.00730422,  0.00592128, -0.01958982, -0.00048149, -0.00235172,
        0.00375843, -0.01135388, -0.00775313, -0.00445312, -0.00233027,
        0.00773035, -0.00925576, -0.00307528,  0.00841331, -0.00260406,
        0.00309087,  0.00377402,  0.00817968, -0.00754894,  0.00401087,
       -0.00372836, -0.00282966,  0.01265457, -0.02593796,  0.01842421],
      dtype=float32), array([0.22021145, 0.34562382, 0.30608568, 0.44049314, 0.20243993,
       0.28995144, 0.4896235 , 0.23254861, 0.21385407, 0.3509118 ,
       0.30054495, 0.26766935, 0.19950771, 0.4403894 , 0.3676276 ,
       0.36691833, 0.36603394, 0.33987445, 0.2692679 , 0.415728  ,
       0.31147575, 0.49465114, 0.3451601 , 0.43714777, 0.38050213,
       0.3892792 , 0.35459328, 0.36731663, 0.39004582, 0.22492157,
       0.22388457, 0.35141897, 0.24888672, 0.3573876 , 0.21706158,
       0.3445965 , 0.38492984, 0.33879906, 0.31760374, 0.28778952,
       0.22789954, 0.23285156, 0.39377204, 0.3742571 , 0.37054974,
       0.21154201, 0.4124721 , 0.46949017, 0.30146623, 0.30959427],
      dtype=float32), array([0.42079908, 0.52740043, 0.5572201 , 0.7387509 , 0.41252407,
       0.51204455, 0.841809  , 0.4150176 , 0.36958578, 0.6020483 ,
       0.46735135, 0.4781759 , 0.36607835, 0.70608795, 0.6109972 ,
       0.6779499 , 0.6878236 , 0.5924218 , 0.46371526, 0.5737329 ,
       0.49050412, 0.98483694, 0.49019897, 0.849107  , 0.6273054 ,
       0.6796023 , 0.6002478 , 0.5950772 , 0.7949939 , 0.43770853,
       0.46619117, 0.7209422 , 0.4616805 , 0.5371731 , 0.3659002 ,
       0.51460326, 0.70189786, 0.51004833, 0.46317226, 0.51136637,
       0.3798387 , 0.39829236, 0.6361582 , 0.7669555 , 0.7364622 ,
       0.35536346, 0.82608813, 0.7930367 , 0.5050308 , 0.5524097 ],
      dtype=float32), array([[-0.16931476, -0.1069284 ,  0.04160827,  0.14129716,  0.00193401,
         0.09736215, -0.11764126,  0.11103308,  0.00307658,  0.1296429 ,
         0.01055308, -0.12040994,  0.07447537,  0.04342836, -0.26128474,
        -0.24570303],
       [-0.03740543, -0.21935022, -0.09100791,  0.02546   ,  0.23276126,
         0.2252066 ,  0.287376  ,  0.24002312, -0.23680563, -0.00278922,
         0.13127661,  0.04694585,  0.15898706,  0.02412681,  0.281977  ,
         0.03484102],
       [ 0.02099576,  0.15259571, -0.22989784,  0.1873669 , -0.15096505,
        -0.17592822,  0.00929796, -0.08903871, -0.2564398 ,  0.09505188,
        -0.1944896 , -0.07277028,  0.22572537,  0.20597053,  0.26991   ,
         0.2905412 ],
       [ 0.21364583,  0.00501909,  0.07446766, -0.2240894 , -0.11821722,
         0.14502862,  0.00560327,  0.24520452,  0.16153121,  0.09601567,
         0.02685426, -0.22285499,  0.26094335, -0.24047883,  0.27265283,
        -0.2817719 ],
       [ 0.14152308, -0.02789116,  0.0727614 ,  0.1430819 , -0.16506705,
        -0.17811838,  0.2696927 ,  0.0329273 , -0.2792911 , -0.12680528,
        -0.17669737, -0.24489996,  0.28069216, -0.07825582, -0.18540223,
        -0.18264574],
       [-0.05235414, -0.3003789 , -0.12606713,  0.16066812, -0.22911437,
         0.23471507,  0.1645029 ,  0.00175813,  0.12341179,  0.04619428,
         0.25310984,  0.20334952,  0.06717109,  0.13468961, -0.00800046,
        -0.04486826],
       [ 0.27497834, -0.15236878, -0.21032822,  0.00867272, -0.02481745,
         0.29723638, -0.00222056, -0.26943877, -0.25872964, -0.23060931,
         0.23796844, -0.25588143, -0.23484865, -0.23147635,  0.01802647,
        -0.02009385],
       [-0.18589248,  0.11696447,  0.21762733,  0.02587735, -0.2938714 ,
        -0.20244424,  0.16143613,  0.03667148, -0.24008769, -0.2389959 ,
        -0.20450047,  0.10790323,  0.0453469 ,  0.17835562, -0.06357323,
         0.09763661],
       [ 0.18338448,  0.25019062, -0.00101446, -0.00666188, -0.02898676,
         0.08408968,  0.1184528 ,  0.08143731,  0.10084406, -0.03167274,
         0.09139825,  0.16595708, -0.28038207,  0.24330954, -0.21767275,
         0.23445684],
       [ 0.06226937, -0.08219384,  0.13079295,  0.11968811, -0.2392584 ,
        -0.02280459,  0.197959  , -0.0109314 ,  0.16597107,  0.10105141,
        -0.08478983,  0.17195909,  0.01711717,  0.2935072 , -0.03124355,
        -0.14034122],
       [ 0.23644787,  0.2712289 , -0.16566874,  0.11812345,  0.11118184,
        -0.0102158 , -0.10337424, -0.01523088, -0.23089442,  0.26002318,
         0.20502636, -0.0863708 ,  0.1831782 , -0.20559706, -0.07943469,
        -0.09521069],
       [ 0.21473531, -0.08424313,  0.2689856 , -0.02471614, -0.07843556,
        -0.01403943,  0.02266001,  0.0762832 ,  0.02194457, -0.10175889,
         0.08760207,  0.03389634,  0.16747096, -0.07862534,  0.09456103,
        -0.24412185],
       [-0.25302783,  0.22936076, -0.20790185, -0.08928777,  0.05981065,
        -0.21401139, -0.09081062,  0.04908343, -0.04591093,  0.29701722,
        -0.06382153,  0.06455293,  0.19169837,  0.12935777,  0.26785225,
        -0.10513258],
       [ 0.21756938,  0.07860705, -0.26925167,  0.14095505,  0.19182703,
        -0.17539579,  0.00264372, -0.08372378,  0.08261041, -0.11153028,
        -0.01940008, -0.2623943 ,  0.21146491,  0.12321514, -0.16108358,
         0.14754553],
       [-0.16040985, -0.12630482,  0.23345788,  0.05319197,  0.20676824,
         0.12465917,  0.11444078,  0.15922637,  0.08925878,  0.20633858,
         0.24895635, -0.24522421,  0.32087988, -0.08053603,  0.20328146,
         0.27600884],
       [ 0.08874769, -0.2925877 ,  0.13335542, -0.2139717 , -0.221327  ,
        -0.1264373 , -0.19362538,  0.05841196,  0.02342813, -0.29202688,
        -0.24396563,  0.2245625 ,  0.05587268,  0.1083471 ,  0.09382313,
         0.06376631],
       [-0.12318598, -0.09515217,  0.04011633,  0.12266394, -0.12018911,
        -0.14132644, -0.20078725, -0.25942615,  0.08402149,  0.04151695,
         0.03377885,  0.2228438 ,  0.04790084,  0.2081476 , -0.1430048 ,
        -0.08112065],
       [ 0.01006627, -0.17005771, -0.2573029 , -0.21172777, -0.17498878,
        -0.20445675,  0.2589128 , -0.30076244,  0.16454129,  0.11537961,
        -0.25440678, -0.0271627 , -0.04086586,  0.09232401,  0.14501007,
         0.21049616],
       [ 0.23360978,  0.23172987, -0.2156165 ,  0.14299943,  0.11526235,
         0.17214227, -0.24623612,  0.2729516 , -0.24844432, -0.16034606,
         0.12443972,  0.02424523, -0.27125698,  0.0753775 , -0.11768964,
        -0.06498173],
       [ 0.18571235, -0.2602955 ,  0.18067907,  0.06472987, -0.33418688,
        -0.27966133,  0.02311411, -0.25808263,  0.04137826,  0.12532365,
         0.19088294,  0.19273481,  0.24105868, -0.0052893 ,  0.18159649,
         0.271253  ],
       [ 0.26120096, -0.25754297,  0.0900062 ,  0.23368171,  0.2582578 ,
         0.16327722,  0.11111537, -0.08397052, -0.24534144, -0.2639881 ,
        -0.02771732, -0.27505147,  0.14317892,  0.17530052,  0.0522218 ,
         0.23097353],
       [ 0.2547324 , -0.20158501, -0.24634935, -0.07669621, -0.23834746,
         0.06449091, -0.26614338, -0.02778082, -0.07900164,  0.08517673,
         0.19321007,  0.17934829, -0.11594529,  0.2630527 , -0.00469149,
         0.01603855],
       [ 0.29776147, -0.14289533,  0.04323795,  0.04073491,  0.10099697,
        -0.1470827 , -0.25653017,  0.24921142,  0.00116502,  0.18534715,
         0.19884627,  0.04698526, -0.32978603, -0.11104037,  0.05692811,
         0.03462309],
       [ 0.16046798,  0.22369353,  0.08233217,  0.04233441, -0.1024536 ,
         0.10242981,  0.23816463,  0.03470283,  0.01702732, -0.06445938,
        -0.16182671, -0.01328389,  0.17238292, -0.06383646, -0.16653277,
        -0.18338887],
       [-0.05631994,  0.08568648, -0.16828439,  0.11754017, -0.04258168,
        -0.19218197, -0.02300331, -0.06769171, -0.06640385, -0.0932318 ,
         0.22639759,  0.21949226, -0.05563555, -0.22173247, -0.21130353,
        -0.12842213],
       [-0.11324196, -0.11104548,  0.22162294,  0.15613662, -0.140292  ,
        -0.15268464, -0.04578398, -0.2362234 , -0.14144965,  0.08717255,
         0.20735465,  0.21214877, -0.27334586,  0.0588815 , -0.01497848,
         0.29242054],
       [ 0.07572587,  0.14496586,  0.25125337, -0.19574161,  0.04474222,
         0.07961068,  0.24898528, -0.26315057,  0.10131598, -0.09863204,
         0.06835683,  0.30059287, -0.04526243,  0.1128622 ,  0.02911423,
        -0.294646  ],
       [ 0.33804023,  0.07989959, -0.19557823, -0.2185235 ,  0.28607163,
         0.12811737,  0.0260712 ,  0.05010053, -0.2868635 ,  0.05744112,
         0.2118277 , -0.09794752,  0.01891463, -0.24709375, -0.14781952,
        -0.07714788],
       [-0.21180168,  0.23877299, -0.24811433,  0.21959762,  0.18079819,
        -0.1307632 ,  0.13200141, -0.08863258,  0.18010099,  0.17333984,
         0.11524864, -0.07489216,  0.19674325, -0.27200228, -0.15764326,
        -0.09942752],
       [-0.12211709, -0.11442062,  0.15420943,  0.227763  ,  0.22358339,
        -0.06980401, -0.21642482,  0.02839682, -0.10209687, -0.23015955,
         0.16501983,  0.15337667, -0.1840934 , -0.14357983, -0.06218201,
        -0.11196595],
       [-0.26844063,  0.14201902,  0.23153275, -0.18912002, -0.07465042,
        -0.01625662,  0.03201396,  0.24363367,  0.07230955, -0.13128287,
         0.05517516, -0.00419936,  0.18341905, -0.2450616 ,  0.20394215,
         0.2509884 ],
       [ 0.09338819,  0.24197833,  0.19143204, -0.25254422, -0.19909595,
        -0.04507969, -0.00628633, -0.2882354 ,  0.00547017,  0.09114462,
        -0.08667763, -0.02624914,  0.1302565 , -0.26884317,  0.10810336,
         0.05562533],
       [-0.2362453 , -0.04533606, -0.29160097, -0.18030222,  0.14809486,
         0.01209402,  0.23284808,  0.08389598, -0.2382669 , -0.11319945,
         0.1613303 ,  0.20244244, -0.22792418,  0.00461748,  0.20037782,
         0.19301271],
       [ 0.06791924,  0.14567655,  0.10453893,  0.25197607,  0.25059924,
         0.1331844 , -0.0471815 , -0.26731676,  0.13841428,  0.06859744,
         0.22582267,  0.03901736,  0.06036519, -0.31506938, -0.13635473,
         0.00431545],
       [ 0.09082086,  0.21677037, -0.23412494, -0.01008947,  0.16192259,
         0.01146697, -0.20705503, -0.10646885, -0.05988304,  0.22087441,
        -0.19102643, -0.25597295,  0.24254212, -0.08347122, -0.10024188,
        -0.28993928],
       [ 0.04382907,  0.1522594 ,  0.27126855,  0.13630265,  0.13427013,
         0.25689784, -0.08637971, -0.2549421 ,  0.13557279,  0.07336966,
         0.27248827,  0.2277163 ,  0.14498475,  0.00215534,  0.14586896,
        -0.2586917 ],
       [ 0.00407663,  0.2776286 , -0.01683086, -0.15610667, -0.2726953 ,
        -0.04851786,  0.21790093,  0.27764046,  0.19974256, -0.00453669,
         0.02545696, -0.30233178, -0.04540602, -0.2876155 ,  0.14628631,
         0.20760316],
       [-0.05841399, -0.0957076 , -0.03243047,  0.10946213,  0.14444427,
        -0.02395567,  0.01032182,  0.10243853,  0.2057106 , -0.05756287,
         0.15534547,  0.10041708, -0.09940147, -0.26394594,  0.12953162,
        -0.25616455],
       [-0.03083036,  0.15661237,  0.1752813 , -0.28018928,  0.30914438,
         0.11685955, -0.28496197,  0.17151323,  0.02236889,  0.23244613,
         0.20147507,  0.19082096,  0.20057978, -0.10164993, -0.13242681,
        -0.2584913 ],
       [ 0.26130703, -0.24938996,  0.29067987, -0.2340437 , -0.17364912,
        -0.20746727,  0.1895287 ,  0.18442155, -0.05858653,  0.21481414,
        -0.2002225 ,  0.12024818, -0.09716468,  0.21617411,  0.09465395,
         0.00385517],
       [ 0.03220902, -0.11791067, -0.06805187,  0.00138604, -0.25148812,
        -0.2672882 , -0.18078609,  0.16589382,  0.2096548 ,  0.12814201,
        -0.17853431,  0.13091417,  0.17702325, -0.1647174 ,  0.06616884,
        -0.19625762],
       [-0.30204833,  0.14524129, -0.16311929,  0.2762469 ,  0.06025893,
        -0.04988204, -0.09064931,  0.22377014, -0.05638091,  0.02274112,
         0.09230902, -0.29218552, -0.18785876,  0.1183868 ,  0.09193308,
        -0.16727464],
       [-0.01756394, -0.14233688,  0.00703608, -0.05660987,  0.03258213,
         0.0038805 , -0.12040004,  0.24833298, -0.176843  ,  0.11112543,
         0.14702547, -0.01849331,  0.1861122 ,  0.2720024 , -0.16521624,
         0.04872366],
       [ 0.10067778,  0.23151861,  0.10773923,  0.12837555, -0.25769684,
        -0.27097797, -0.26221624,  0.09122472,  0.00520149,  0.00119897,
        -0.29810628, -0.09267486, -0.1708024 , -0.2789783 ,  0.16936794,
         0.13069035],
       [ 0.28423914,  0.12251479, -0.21994111,  0.27162844,  0.24378896,
        -0.19668455, -0.29506052, -0.10589033,  0.19697224, -0.15042795,
         0.02421301, -0.12682006, -0.14361429, -0.08406305,  0.18391107,
         0.14658405],
       [-0.18494745,  0.07291106, -0.05848667, -0.04225552, -0.03682341,
        -0.15385711,  0.13429101, -0.29936826,  0.02351342,  0.06380146,
         0.0491623 , -0.09350161,  0.17305565, -0.0640176 ,  0.28236943,
        -0.15438929],
       [-0.03011331, -0.19659863, -0.00218864, -0.14003368, -0.03003517,
        -0.12940234, -0.19956706,  0.08611884, -0.19755316, -0.12089264,
         0.12152084,  0.0187703 , -0.02773136,  0.05589713, -0.05044186,
        -0.22485702],
       [-0.24605313,  0.18012749, -0.06645336, -0.1439858 ,  0.19566141,
         0.18767193, -0.22475253, -0.0846612 ,  0.13182718, -0.10545366,
         0.33330545, -0.02565757,  0.0729363 ,  0.15355752, -0.06203522,
         0.09579926],
       [ 0.29579738, -0.01458975, -0.29538086, -0.0742635 , -0.22209057,
        -0.05180814, -0.12045486, -0.15185492, -0.30386677, -0.04439033,
         0.18283115, -0.06376261, -0.19580857, -0.13729604, -0.2956058 ,
         0.05064029],
       [-0.08149115,  0.12928483,  0.29446012,  0.21262418,  0.17652425,
        -0.00719378, -0.05172693,  0.18271549,  0.04603489,  0.13618939,
        -0.20937698,  0.05683791, -0.23092669,  0.26677182,  0.237484  ,
         0.08481907]], dtype=float32), array([-0.00584715,  0.00891255,  0.00713791,  0.00278324,  0.01075457,
        0.00127858, -0.01029249,  0.00734899,  0.02962963,  0.00140157,
       -0.01016019,  0.00666551,  0.01478441,  0.0286238 , -0.00262905,
        0.00075337], dtype=float32), array([1.0039947 , 0.98374075, 0.96855474, 0.9748163 , 0.998472  ,
       1.0228894 , 0.99043447, 0.98788655, 0.9418183 , 0.9742067 ,
       1.0232239 , 0.99632657, 0.9970846 , 0.935825  , 0.9981141 ,
       1.0109357 ], dtype=float32), array([-7.3807344e-10,  1.9079105e-09,  2.3543646e-11,  8.8040891e-10,
        3.0336982e-09,  1.0182041e-09,  1.2514429e-09,  5.8647720e-10,
        1.9214794e-10,  2.1131126e-10, -2.5241322e-09, -2.3667013e-09,
        1.6079321e-09,  1.7686064e-09, -1.4373179e-09, -1.1320737e-09],
      dtype=float32), array([5.127984 , 5.8967338, 5.4739585, 5.7630897, 5.2071652, 6.4423337,
       4.8990464, 5.1664615, 5.0533004, 6.4341846, 5.276692 , 5.691803 ,
       6.243736 , 5.384023 , 5.7036214, 5.161802 ], dtype=float32), array([10.14124  , 17.129791 ,  8.037489 ,  7.2375426,  7.7922616,
       11.874396 ,  6.6108627,  9.779907 , 11.3288   ,  5.9941363,
       13.545292 ,  7.974136 , 14.019548 ,  9.7002325,  5.364478 ,
        6.56074  ], dtype=float32), array([0.996028 , 1.0160503, 1.030775 , 1.0246258, 1.0015553, 0.9767603,
       1.009479 , 1.0119709, 1.0558581, 1.025288 , 0.976373 , 1.0037009,
       1.0029516, 1.0619432, 1.0018963, 0.9889649], dtype=float32), array([-7.3807344e-10,  1.9079105e-09,  2.3543646e-11,  8.8040891e-10,
        3.0336982e-09,  1.0182041e-09,  1.2514429e-09,  5.8647720e-10,
        1.9214794e-10,  2.1131126e-10, -2.5241322e-09, -2.3667013e-09,
        1.6079321e-09,  1.7686064e-09, -1.4373179e-09, -1.1320737e-09],
      dtype=float32), array([0.3066494 , 0.3536535 , 0.33862257, 0.34901723, 0.40353495,
       0.35470772, 0.32414153, 0.42725217, 0.4251119 , 0.31924674,
       0.5308293 , 0.2776151 , 0.6041998 , 0.53409815, 0.39820915,
       0.3978678 ], dtype=float32), array([0.6679773 , 0.6038578 , 0.6077539 , 0.6471558 , 0.7337874 ,
       0.63376015, 0.53707314, 0.7125972 , 0.639126  , 0.5750043 ,
       1.2772777 , 0.5247658 , 1.1892568 , 0.75002086, 0.7443266 ,
       0.5444943 ], dtype=float32), array([1.0301894 , 0.9920731 , 0.99170226, 1.0067074 , 1.0190741 ,
       1.0151248 , 0.9546382 , 1.0029783 , 1.0500964 , 0.9965557 ,
       0.9338242 , 0.97706854, 0.97730666, 1.0462927 , 0.96917725,
       0.99285996], dtype=float32), array([-0.02292706,  0.00921503, -0.05133961,  0.01044394, -0.00073734,
        0.01932851, -0.01871185,  0.01087782, -0.02351071, -0.00435902,
        0.01459742, -0.00752042,  0.02221265, -0.00769111, -0.01002108,
       -0.00691825], dtype=float32), array([ 3.09290762e-08, -4.46668089e-08,  4.01410318e-08, -4.96068893e-08,
        3.62451438e-08,  8.06806799e-09,  4.60401850e-09,  1.98596073e-08,
        1.83522708e-08,  4.09329326e-09,  1.99182821e-08,  3.09928971e-08,
        4.15532542e-09,  1.28024835e-08, -3.66174024e-09,  4.49202950e-08],
      dtype=float32), array([1.737382 , 1.541826 , 1.9422958, 1.7540491, 1.7559474, 1.6728934,
       1.7630757, 1.8423328, 1.7979407, 1.6204914, 1.7365836, 1.6694396,
       1.7997109, 1.5478083, 1.772278 , 1.615787 ], dtype=float32), array([[-3.00451875e-01, -3.50329459e-01, -1.77439049e-01,
        -3.81161124e-01,  2.15088248e-01,  1.42919451e-01,
         1.01034164e-01, -4.02392566e-01,  2.70334661e-01,
        -1.47211552e-01,  8.47492516e-02, -8.75268206e-02,
        -4.16165553e-02, -4.83868793e-02, -2.47728944e-01,
         4.03051436e-01,  1.27687827e-01, -2.77186394e-01,
        -5.23723327e-02, -2.52405524e-01],
       [ 3.05583447e-01, -3.04004878e-01,  3.02346587e-01,
         2.66141295e-01, -1.91521898e-01,  1.66198865e-01,
         1.12485029e-01,  1.94818273e-01, -1.94502160e-01,
         3.81809711e-01, -3.48922968e-01,  1.20570049e-01,
        -4.08639461e-02,  3.15062433e-01, -2.96958268e-01,
        -9.15412605e-02,  2.41583690e-01, -2.63235085e-02,
        -2.46519417e-01, -1.85260415e-01],
       [-3.92042965e-01,  4.02272880e-01, -6.01595901e-02,
         1.97567433e-01,  3.25140327e-01, -3.86312455e-01,
        -5.02322279e-02,  2.20030528e-02, -1.01395980e-01,
        -1.35377973e-01, -2.35469848e-01, -1.45476624e-01,
        -2.33927518e-01, -1.40583530e-01,  3.56001079e-01,
         3.73911560e-01, -2.83518851e-01,  1.64292738e-01,
        -3.08603555e-01, -3.37288857e-01],
       [ 2.44068533e-01,  3.74394476e-01, -3.10453773e-01,
        -3.66017133e-01,  1.71784982e-01, -4.94900867e-02,
         7.53880590e-02,  3.66570324e-01, -3.30780923e-01,
        -2.67767668e-01,  2.79182285e-01,  2.93616187e-02,
        -3.59687626e-01, -2.24990010e-01, -2.14374706e-01,
        -3.48889053e-01,  1.05141923e-01,  3.91888827e-01,
         1.82866648e-01, -5.19832335e-02],
       [ 6.83995560e-02, -1.47780135e-01, -5.59116155e-02,
        -6.83866143e-02,  3.42200398e-01,  1.07900947e-01,
         3.17668021e-01, -1.08225219e-01, -2.72981703e-01,
        -3.74307036e-01, -2.15614930e-01, -2.52574116e-01,
         1.34592116e-01,  7.20978081e-02,  1.93285912e-01,
         3.78950946e-02,  1.38296172e-01, -8.32832903e-02,
        -2.70619541e-01, -1.78390726e-01],
       [ 2.79741391e-04,  5.07475808e-02, -5.10465764e-02,
         2.12480217e-01, -2.69504845e-01,  2.65443593e-01,
         7.80925751e-02, -2.27402583e-01,  1.34243190e-01,
        -2.07462311e-02, -2.11009812e-02, -1.85349435e-01,
         4.01205957e-01, -2.09017694e-01,  3.84331077e-01,
        -1.95305929e-01, -2.47324228e-01, -4.03125674e-01,
         1.43507898e-01,  3.72934282e-01],
       [-3.58313292e-01,  9.11466554e-02,  3.27770591e-01,
         1.39826998e-01,  1.92619041e-01, -1.43649504e-01,
        -3.82655188e-02, -3.41153622e-01, -2.78047204e-01,
        -2.78358459e-01, -5.47781996e-02, -1.26446262e-01,
        -8.62420127e-02, -3.88670057e-01,  1.86636925e-01,
         3.48659992e-01,  3.68738264e-01,  1.96699128e-01,
        -7.52058551e-02, -9.71415713e-02],
       [ 1.99729845e-01, -2.25195721e-01, -9.56853330e-02,
        -2.70040929e-01,  2.77110755e-01, -8.33079591e-02,
        -1.38303339e-01,  1.60277784e-02,  3.51679385e-01,
         2.56012499e-01,  1.90557733e-01, -2.70778358e-01,
         3.81262332e-01, -2.49337643e-01, -9.67741385e-02,
         1.12086073e-01,  1.68510824e-01, -2.49996558e-02,
        -7.85711184e-02,  1.40280470e-01],
       [ 3.86762291e-01, -3.32104951e-01,  2.09171906e-01,
         1.67684942e-01,  3.69916707e-01, -2.06693262e-01,
        -1.11692809e-01, -8.73829275e-02, -3.44108552e-01,
         2.04391137e-01, -8.35498050e-02,  3.31412256e-01,
        -3.20934474e-01,  4.19691950e-01,  3.23623955e-01,
         2.03871787e-01, -4.23421174e-01,  1.21595696e-01,
        -7.82378241e-02, -2.62685884e-02],
       [ 1.28685027e-01,  4.32921082e-01,  4.25602138e-01,
        -3.86505038e-01, -1.20243214e-01, -3.76067183e-05,
        -2.40402907e-01,  3.36465895e-01,  2.39718989e-01,
        -1.96168676e-01, -1.23797156e-01,  3.39236051e-01,
        -1.04262277e-01, -3.02494228e-01, -2.78500855e-01,
         2.52978653e-01, -3.68580312e-01,  2.53727734e-01,
         7.14360848e-02,  1.07969292e-01],
       [ 1.61800861e-01,  3.56365800e-01,  1.70078591e-01,
         9.15977657e-02, -3.10170114e-01,  3.26095909e-01,
        -7.86498468e-03,  8.25007334e-02,  1.78927526e-01,
         1.39826005e-02,  3.76024395e-01,  2.18871132e-01,
        -2.91884303e-01,  1.44934893e-01,  2.38019347e-01,
        -3.20239365e-01,  1.65720880e-01,  1.58428162e-01,
         6.46784306e-02,  1.05736598e-01],
       [-4.31421310e-01, -2.93487400e-01, -3.55289400e-01,
        -1.00542694e-01, -1.62769228e-01,  3.56208414e-01,
        -3.33113372e-02,  1.07238792e-01,  4.09097195e-01,
         2.08296478e-01,  1.49156690e-01,  6.11774176e-02,
        -3.19191366e-01, -4.12415247e-03,  2.34801453e-04,
        -1.30677134e-01,  1.52811021e-01, -9.38948169e-02,
        -3.86145949e-01,  9.94388536e-02],
       [ 1.02805033e-01, -2.42658392e-01, -2.62439638e-01,
        -3.23959477e-02, -3.87883186e-02, -2.43946761e-01,
         2.26418450e-01,  4.64428775e-02, -1.06702939e-01,
         1.81463555e-01, -3.17957640e-01, -3.69527161e-01,
        -2.85106212e-01, -2.74851948e-01, -9.63463634e-02,
        -3.16863894e-01,  3.06081295e-01,  1.26593485e-01,
         1.31007493e-01, -1.74544588e-01],
       [-2.70215422e-01, -3.53038758e-01,  2.69374162e-01,
         4.04065281e-01, -3.90661620e-02,  1.51951998e-01,
        -3.97872984e-01,  4.26649094e-01,  9.68226269e-02,
         1.00818694e-01, -1.45094380e-01, -3.73666048e-01,
        -3.33672583e-01, -2.70650178e-01,  1.99741691e-01,
        -1.32302463e-01, -2.75973201e-01, -1.00044049e-01,
         2.61376709e-01, -4.04478580e-01],
       [-6.19913265e-02,  2.80449748e-01, -3.80430102e-01,
         2.30202317e-01, -8.44334066e-02, -3.39494735e-01,
        -8.53060782e-02,  1.37968631e-02, -2.30180278e-01,
        -2.57385463e-01,  1.79940537e-01, -1.63938850e-01,
         7.27393944e-03, -3.25336128e-01, -3.39154392e-01,
        -5.40650487e-02,  2.57550418e-01,  1.69686869e-01,
         2.19544858e-01, -1.29170462e-01],
       [ 4.40251753e-02,  1.64294958e-01,  8.99559110e-02,
        -2.70539552e-01,  1.67350784e-01, -2.65922192e-02,
         2.96650752e-02, -2.76216894e-01,  3.08315396e-01,
         1.36012770e-02, -9.98199880e-02, -3.07414353e-01,
        -1.67122215e-01, -2.94288307e-01,  2.84435898e-01,
         1.32100150e-01, -2.93617427e-01,  1.33169079e-02,
        -7.39737693e-03,  5.96446842e-02]], dtype=float32), array([ 0.01085847, -0.01765192,  0.01328895,  0.00216744,  0.00019551,
        0.01888058,  0.03872776,  0.02152613,  0.01775923,  0.00564862,
       -0.00864949, -0.00254119,  0.01780895, -0.00283072,  0.00133372,
       -0.01967614,  0.01506061,  0.02513785,  0.03696595,  0.02588586],
      dtype=float32), array([1.0222514, 1.023984 , 1.0124923, 1.0067046, 0.9985996, 1.0728847,
       1.0843668, 1.057898 , 1.0645207, 1.0230072, 1.0713212, 0.9904455,
       1.0456343, 0.9706209, 0.9886931, 0.9969781, 1.0827205, 1.0759923,
       1.0817306, 1.0568031], dtype=float32), array([-0.11138882, -0.11138882, -0.11138882, -0.10190473,  0.04825217,
        0.11138882,  0.11138882, -0.11138882,  0.11138882, -0.11138882,
        0.11138882,  0.11138882,  0.11138882, -0.11138882, -0.11138882,
        0.11138882,  0.11138882, -0.11138882, -0.11138882,  0.11138882],
      dtype=float32), array([0.30610415, 0.26011914, 0.24639733, 0.2294943 , 0.23506212,
       0.2526605 , 0.20391558, 0.3378851 , 0.2521919 , 0.20838805,
       0.23990105, 0.2797948 , 0.4418226 , 0.374174  , 0.26595536,
       0.19756153, 0.29293343, 0.24707371, 0.22784227, 0.27951425],
      dtype=float32), array([0.5093536 , 0.50875616, 0.4138323 , 0.40700015, 0.45808035,
       0.44661817, 0.37129682, 0.56377095, 0.45837453, 0.4196595 ,
       0.41469803, 0.47582638, 0.7570094 , 0.80371207, 0.50486743,
       0.39039624, 0.47672328, 0.40734902, 0.37870705, 0.47581527],
      dtype=float32), array([[ 0.25928706],
       [ 0.255968  ],
       [ 0.19881222],
       [ 0.11461012],
       [-0.03776781],
       [-0.27847904],
       [-0.61055577],
       [ 0.27054828],
       [-0.31353253],
       [ 0.49670953],
       [-0.33507052],
       [-0.12629743],
       [-0.46523353],
       [ 0.34200025],
       [ 0.09626459],
       [-0.37358925],
       [-0.5757524 ],
       [ 0.40675822],
       [ 0.5077926 ],
       [-0.53417045]], dtype=float32), array([-0.11138882], dtype=float32)]